V 54
K 1
D 0 -508000 4318000 0
Y 1
U 3937000 762000 254000 0 2 3 REFDES=PS?
U 3937000 508000 254000 0 2 3 DEVICE=TEN_50-2411WI
U 3937000 254000 254000 0 2 0 PKG_TYPE=TEN502411WI
U 3937000 0 254000 0 2 0 Description=50 Watt DC/DC converter, industrial, 4:1 input, encapsulated, 2" x 1" metal package
U 3937000 -254000 254000 0 2 0 Datasheet Link=https://tracopower.com/ten50wi-datasheet/
U 3937000 -508000 254000 0 2 0 Height=11.25
U 3937000 -762000 254000 0 2 0 Mouser Part Number=495-TEN50-2411WI
U 3937000 -1016000 254000 0 2 0 Mouser Price/Stock=https://www.mouser.co.uk/ProductDetail/TRACO-Power/TEN-50-2411WI?qs=ckJk83FOD0X9tzvZCD0OJQ%3D%3D
U 3937000 -1270000 254000 0 2 0 Manufacturer_Name=Traco Power
U 3937000 -1524000 254000 0 2 0 Manufacturer_Part_Number=TEN 50-2411WI
U 0 0 254000 0 1 0 FORWARD_PCB=1
l 5 508000 254000 3810000 254000 3810000 -762000 508000 -762000 508000 254000
|GRPHSTL -1 -1 -1 1
P 1 0 -508000 508000 -508000 0 2 0
L 584200 -508000 228600 0 2 0 1 0 +VIN_(VCC)
A 355600 -457200 203200 0 9 3 #=1
A 0 0 9 0 3 0 PINTYPE=BI
P 2 0 -254000 508000 -254000 0 2 0
L 584200 -254000 228600 0 2 0 1 0 -VIN_(GND)
A 355600 -203200 203200 0 9 3 #=2
A 0 0 9 0 3 0 PINTYPE=BI
P 3 0 0 508000 0 0 2 0
L 584200 0 228600 0 2 0 1 0 REMOTE_ON/OFF
A 355600 50800 203200 0 9 3 #=3
A 0 0 9 0 3 0 PINTYPE=BI
P 4 4318000 -508000 3810000 -508000 0 3 0
L 3733800 -508000 228600 0 8 0 1 0 +VOUT
A 3962400 -457200 203200 0 3 3 #=4
A 0 0 9 0 3 0 PINTYPE=BI
P 5 4318000 -254000 3810000 -254000 0 3 0
L 3733800 -254000 228600 0 8 0 1 0 -VOUT
A 3962400 -203200 203200 0 3 3 #=5
A 0 0 9 0 3 0 PINTYPE=BI
P 6 4318000 0 3810000 0 0 3 0
L 3733800 0 228600 0 8 0 1 0 TRIM
A 3962400 50800 203200 0 3 3 #=6
A 0 0 9 0 3 0 PINTYPE=BI
E
